ID,TargetF1,TargetRAUC
ID_E760D84B,0,0.48088959598232195
ID_6EDEA907,1,0.670464614434031
ID_B9FFC8D8,1,0.5981403380899379
ID_74C6C94E,0,0.38435334458622783
ID_0E02825D,1,0.8073988381762405
ID_DA1C6468,1,0.6966112947375679
ID_82EBD610,1,0.5412296483083472
ID_791C412A,1,0.9362091602746434
ID_8FB9365C,1,0.7746601895700851
ID_724491A7,1,0.5679209950763502
ID_95C83AE3,1,0.6555820229698677
ID_6650ABA4,1,0.9025780728451005
ID_92412BFC,1,0.9376581740442806
ID_257F4327,1,0.9357038069237231
ID_CD7A50F0,1,0.9164552981751517
ID_8A80F1B6,1,0.9056269073477284
ID_90DB7797,1,0.8942672875044588
ID_4FF46045,1,0.7441796258238815
ID_33E6AFA0,0,0.3821463370680468
ID_FF308DAB,1,0.7296945324490987
ID_E6335ACF,1,0.9059700441934949
ID_00A5C192,1,0.9384732289889455
ID_C644EA64,1,0.8146347394700622
ID_B922D5B3,1,0.7328352894572365
ID_4922E479,1,0.7182084380913443
ID_1B6F3B46,1,0.9059685900280408
ID_1E3C23E7,1,0.9150508648688895
ID_C9E61B00,1,0.924745662616004
ID_3A4C3214,1,0.9434316025092911
ID_B70DC075,1,0.9442495895667742
ID_37FEC45E,1,0.9451892764506498
ID_04E5F26F,1,0.9484731482698422
ID_CED509CF,1,0.9426324092497913
ID_DCD98292,1,0.7556949428678115
ID_FEFAA255,1,0.767616036953229
ID_1C24DA16,1,0.9121342737429902
ID_0FB18B11,1,0.9428191316198926
ID_EB1ED24C,1,0.9378844109034388
ID_E987B903,1,0.5515719164117563
ID_F1BC780A,1,0.9445554763911436
ID_BA6C0C58,1,0.921757833541505
ID_A7CB9837,0,0.47597939516221865
ID_5FCD1EA3,0,0.33335357790687326
ID_81A71445,1,0.9156162718871121
ID_667AEDE0,0,0.407003848771885
ID_2321FB97,1,0.9170193207522023
ID_4738ABDA,1,0.9363820756786811
ID_6DF23A45,0,0.4035662231962851
ID_5033C878,1,0.932465171194608
ID_64691B48,0,0.29596105100672077
ID_B7A3CC04,0,0.4553199817004328
ID_B2F4942A,0,0.41468461617683516
ID_4DA54BA7,1,0.4905251822441702
ID_37CDF050,0,0.33877277375475157
ID_BF308F64,0,0.4006999331680836
ID_23C954B8,1,0.6679603849868118
ID_2CAB42BB,0,0.44321612597933363
ID_28FC36FB,0,0.31578210693185116
ID_E9FB2EE0,0,0.3945120597328332
ID_40E0E560,0,0.47092834492178354
ID_6390D5E3,1,0.5957794590044956
ID_14816EA6,0,0.4494390815906994
ID_0BA591EF,0,0.4301619987404711
ID_3FE2AD00,1,0.7511672246395515
ID_ECE8827F,1,0.9412646452752351
ID_E8447477,1,0.944724710825881
ID_FC0EEFB3,1,0.6092086658531244
ID_C04F966D,1,0.5757208130090159
ID_8A1BB4B5,1,0.8898469166096541
ID_8F7535A8,1,0.9422313372177569
ID_F0E81248,1,0.5773114553555332
ID_BEE12475,1,0.9428925035004099
ID_3C31D099,1,0.9427946565947054
ID_9251B100,1,0.9267018850416797
ID_9B7CB467,1,0.9335890226890233
ID_1361BD75,0,0.4615603134874729
ID_794D8957,1,0.9343035643867399
ID_DFEC4687,1,0.9427050039856327
ID_2942441F,1,0.9387575293951218
ID_A0D3A8EC,1,0.9347260852817272
ID_4B2DB0F9,1,0.4899116239689668
ID_D84255BD,1,0.6622432107190122
ID_6AAEAE8D,1,0.9429130031609708
ID_85FA5EED,1,0.6876418428538424
ID_8AEFEADB,1,0.939310192105282
ID_019770DF,1,0.9402361735911176
ID_993EA802,1,0.5001515815571539
ID_84316E57,1,0.9324549874848634
ID_B05DFB77,1,0.9392932777029845
ID_8DF97D0F,1,0.9393546176726907
ID_7E9F2BAA,0,0.4260522388703346
ID_68029D80,1,0.9378080932793925
ID_85B6C676,0,0.4534502660884376
ID_DF32D72E,1,0.7438572186545807
ID_471C11AC,1,0.9244998112826011
ID_4C672D7E,1,0.6747882134667789
ID_2B9DF127,1,0.9405583669100086
ID_1F7E202E,1,0.9390597110321488
ID_EEFE9B75,1,0.9158752513213463
ID_D12EA07C,0,0.27168789261486065
ID_88FCF4B6,1,0.9246410964908769
ID_6E5C17E5,1,0.9274257654560327
ID_F59245FC,1,0.9387742109075468
ID_0562A431,0,0.47474441640674003
ID_56C774E2,1,0.9352426458241934
ID_C640170D,1,0.937895990153987
ID_A2C7F38C,1,0.9386997895853015
ID_032EDDF5,1,0.6328407749595096
ID_3DAA458C,1,0.9240540804592203
ID_9435A135,1,0.8866271661070623
ID_532CCEE8,1,0.945753523904064
ID_AA78D0D0,1,0.9451466638420072
ID_02E167CB,1,0.9461630097694966
ID_B366A33F,1,0.9456940286580481
ID_3C0F4D77,1,0.9191393156939791
ID_96239BA8,1,0.9160524876720658
ID_AF250671,1,0.9500320185661788
ID_7FA74CD1,1,0.9481200911532774
ID_7FF7F248,1,0.5981547220177332
ID_F128076E,1,0.9417976798737409
ID_F6CE2E6C,1,0.9368053649943198
ID_CD783113,1,0.9462137719316005
ID_401F6ED7,1,0.9403923329166239
ID_051CB1D1,1,0.9399655958696866
ID_4E257780,0,0.3800589468846033
ID_32418073,1,0.9452963972193715
ID_D45A4EFA,1,0.5507403053743605
ID_962FAE12,1,0.7479479785428036
ID_6926B74B,1,0.9316588617807411
ID_874FD745,1,0.8647027986717135
ID_FE70B6E0,1,0.5120042499076677
ID_8F1B3020,0,0.41690520439033674
ID_BE933B4B,1,0.9160216741958804
ID_1D341F7C,1,0.9331462596655803
ID_5F4441FC,1,0.5946031849194703
ID_877F9101,1,0.9347115663713973
ID_4B0D8A92,1,0.6727579661214163
ID_E8F4B53D,1,0.8651402518595563
ID_3ADC768C,0,0.4324215242785111
ID_90EA271F,1,0.9335358197407588
ID_5537F205,1,0.6274528969969139
ID_0772B55B,0,0.4328730333956742
ID_76953BF3,1,0.6075858547937947
ID_DB7EA21E,1,0.5166733657638816
ID_371647D8,1,0.5828388633971981
ID_719B8D99,1,0.5357733369130411
ID_A9C9D49D,0,0.4826029558023472
ID_199BF069,1,0.7175634035754985
ID_72A59036,0,0.31599963589359226
ID_4B36C7FA,1,0.924294523809764
ID_70F36923,0,0.2447509274641212
ID_3F5AD800,0,0.4712233450578026
ID_6C598A9B,0,0.38044197687851417
ID_7E71F6C6,1,0.5872734064162852
ID_EB7B1BD7,1,0.9351656929843011
ID_B8433149,1,0.6403334472341086
ID_65400720,1,0.7706160958919919
ID_F7F14A13,1,0.938025726378283
ID_46F83BA8,1,0.5231641201327977
ID_61AAA409,1,0.9308042842087816
ID_4B3075F5,1,0.9377250355080053
ID_6E2E13F5,1,0.566624915968776
ID_EE74BE9C,1,0.539210608907309
ID_2F932C81,1,0.8592167995558763
ID_B7A07307,1,0.5404545487202315
ID_3A6CEA33,1,0.9303328662594824
ID_26D068A6,1,0.9334538697308232
ID_62D6E61B,1,0.9363321783708191
ID_8333AF2A,1,0.9364865301583185
ID_EF55E066,1,0.5584496581780205
ID_E46278DA,1,0.9348309071768093
ID_5567010E,1,0.9332880091668821
ID_682474AC,1,0.9259401215541425
ID_F97320F6,1,0.9339210132813662
ID_1C986462,1,0.9338307066264131
ID_27318359,1,0.9377981256148112
ID_222270DC,1,0.9387853885594188
ID_52DEE93A,1,0.5577661069440163
ID_5FBD00D7,1,0.6134652466349613
ID_9C9B5558,1,0.93768607611156
ID_532A51AC,1,0.6601735464278896
ID_97B1AD5B,1,0.5580018162837699
ID_056ADE94,1,0.5833223409730679
ID_FBAA0AD5,1,0.6725522594084052
ID_2361B215,1,0.9112760284196535
ID_AE60B971,1,0.7102660778081444
ID_0DA0353F,1,0.9336692976220589
ID_5C28F7B4,1,0.9250406206011799
ID_9E57007E,1,0.9266948249566609
ID_B5E06820,1,0.6165214536881543
ID_70A6F678,1,0.6980670406757685
ID_3EEFB9A3,1,0.922909590151147
ID_E1AF8A93,1,0.9334922962748313
ID_7EB7C52F,1,0.5389381761911377
ID_5725278D,1,0.8270971262093889
ID_A684C083,1,0.9412211757630473
ID_CFF6D4D0,1,0.6372217312350739
ID_EA510978,1,0.9435128867066093
ID_109BC4B4,1,0.9388519969957216
ID_B841EDCE,1,0.7160744165248409
ID_990D7AA6,1,0.9463773401216865
ID_D38EE3ED,1,0.8872466006388163
ID_FBA0B573,1,0.5689431875940348
ID_13B4C990,1,0.544172582657426
ID_9CAB28AC,1,0.8877324991370146
ID_123A6C18,1,0.9335217418680877
ID_93C780E9,1,0.9300064252568022
ID_18B398CF,1,0.9113935045139838
ID_F41DBBC5,1,0.9327895630033369
ID_A6E2BDB2,1,0.9347718212276401
ID_1746BF7E,1,0.9331344660932341
ID_9EEC3A93,1,0.930392979927682
ID_1E192E61,1,0.6099670254689328
ID_5AC55F7F,1,0.92501018486726
ID_9D362AC5,1,0.6384710603971692
ID_1275E770,1,0.9393583715398903
ID_F43E568D,1,0.9419569143869
ID_E7DB224A,1,0.9424503952261026
ID_713D4B6F,1,0.942377937987798
ID_42C9E95A,1,0.9258073838919244
ID_14555504,1,0.9105315166774444
ID_FAB43532,1,0.9342410031945532
ID_9A78E971,0,0.37579813982085475
ID_948A28A2,1,0.9364715592027942
ID_5BCEC81D,1,0.9332269461387088
ID_FF8E2666,1,0.9078620785894362
ID_4B87620A,0,0.36385082262413804
ID_0E1B50C7,1,0.9392222651181146
ID_773026A8,0,0.37103086911341443
ID_786C9CA9,1,0.5690319074064812
ID_9A4B8C5D,1,0.911182372827082
ID_49927622,1,0.566692123813097
ID_87280DBC,1,0.9426761108031438
ID_1AA72786,1,0.5625267694577775
ID_B9B800E4,1,0.9351432180961433
ID_F5E9FDA7,1,0.934714620976301
ID_00C07212,1,0.49074870474265986
ID_7192AC47,0,0.46013046249809925
ID_840B6CE1,1,0.923140582410851
ID_7A33DEB0,1,0.5711842710870414
ID_9342D705,1,0.9347405578048833
ID_8911C6F3,1,0.535438699389943
ID_01EE4352,1,0.6788617945600122
ID_392ED006,1,0.5058522073075906
ID_7D020A3E,1,0.9360384932938095
ID_2D47B733,1,0.643774399389776
ID_E09C36B0,1,0.5363616863570835
ID_5AAD02C3,1,0.9409731509344157
ID_544FBFA3,1,0.9190378563239238
ID_78523CE4,1,0.941401104503772
ID_2C0D9992,1,0.9354217250335046
ID_1D19FEA3,0,0.4758333648167883
ID_C0A344A2,1,0.5677282121374635
ID_BB944785,1,0.9468208354342031
ID_8570E515,0,0.4431713541879032
ID_63F6942D,0,0.4089979284632803
ID_47DBCF7F,1,0.9401857464139802
ID_936F5D06,1,0.6710699546346808
ID_7DEFA08D,1,0.9394485194137356
ID_0C58A90D,1,0.9405386808405798
ID_DC0FBDBA,0,0.4081840422907257
ID_81632C01,0,0.3492132591858649
ID_FAD9AB1A,0,0.3230725030871002
ID_091374DA,1,0.9363940564045354
ID_C304B191,0,0.3151722173847842
ID_8FA929D9,1,0.9213515470952254
ID_41F626A9,0,0.3905662380627922
ID_F2CDE152,1,0.9046413505970117
ID_9939F007,0,0.3534877953275998
ID_91EF5C97,0,0.3417822287668215
ID_4E899BF0,1,0.5983439768784264
ID_C934BA5F,1,0.9004021222519063
ID_15900459,1,0.9213856798695503
ID_5B3B35D8,1,0.9329966765375606
ID_B8111312,1,0.9243168841306121
ID_3B0EFBAB,1,0.5772589308506739
ID_D7816F53,1,0.48717522597513574
ID_C4FA9A63,0,0.4738648646131708
ID_689E3F3C,1,0.9231530999835031
ID_CA06AE89,0,0.3523009002666524
ID_B2C94A50,1,0.6500361174977973
ID_21E01D6F,0,0.32065802120024417
ID_5A2EA94E,1,0.8628597839136471
ID_7F5CD946,1,0.5745572187795458
ID_8B0BBB9A,1,0.6860819325433475
ID_BA99B0DF,0,0.3995323251469224
ID_F408FBA7,1,0.5211976103563636
ID_AF0F2F12,0,0.30939837546984916
ID_1870213C,1,0.6230294738770521
ID_2874319C,1,0.5414367926297416
ID_2755AA0D,1,0.5882002320443811
ID_3CFB1830,1,0.5684053541838375
ID_CE98E9D2,1,0.9363725413948915
ID_7C5BF1F8,1,0.6535243313810595
ID_49686BE8,1,0.9338792503231488
ID_B49D4FD7,1,0.9308145314944443
ID_65E962DA,1,0.9355561504508789
ID_0CE994FA,1,0.9318653990774495
ID_EABB3781,1,0.5349051168280629
ID_0CF208A1,1,0.5299443781142725
ID_6FDB0FE5,1,0.931673841416711
ID_1654D304,1,0.9271296232234449
ID_E21149F8,1,0.9250839694574067
ID_472E6965,1,0.5288091569811258
ID_EE3D2F76,1,0.9292865765358416
ID_E2FB9F7C,1,0.926435147926677
ID_81E96BF3,0,0.30800589569184134
ID_B1BB9AEA,1,0.5983897132873937
ID_D0FB9038,0,0.19636005555583141
ID_9B37F983,1,0.9318167854633763
ID_F3D0FD01,1,0.9346040822705493
ID_1DE98600,0,0.40608212319949183
ID_6D8EA30A,1,0.9306926156898543
ID_30C55FE3,0,0.2980579161968552
ID_E17E370A,1,0.9180700576296308
ID_2C45D8AB,1,0.9332842225010144
ID_33082C3E,1,0.9326710860976953
ID_B1B3A6F0,1,0.849897867507818
ID_44FA87BB,1,0.9258484197034903
ID_E6B1C982,1,0.9246440359784007
ID_76BABA2F,1,0.9210429994981197
ID_A53937E5,1,0.9241129599866428
ID_3422A1CA,1,0.6117997024202543
ID_56D6B46F,1,0.9315632009350738
ID_D35FCDC2,1,0.8722396070012775
ID_11DC963B,1,0.9333013563154067
ID_F9664879,1,0.913999426239072
ID_0299D0E8,1,0.9279421162345283
ID_BFCFB4B3,1,0.9046603984356472
ID_CDADA7CA,0,0.3033539575285177
ID_2E63E38C,0,0.2536321061295419
ID_5188D2A4,1,0.9273223195344286
ID_97CF6588,1,0.9300149741035169
ID_E1F7EB72,1,0.48919085426158737
ID_737BBF10,0,0.38624155033007157
ID_4CFAC288,1,0.5068735918413411
ID_B8A06CE5,1,0.9053831285377059
ID_26F5D73F,1,0.5590732622689977
ID_7B1FF645,1,0.9339870083102301
ID_2EC547B4,1,0.6759992694122707
ID_D24ACDA6,1,0.9385186703113967
ID_F1B7203B,0,0.4456013425508344
ID_7FAC693D,1,0.9305722529301681
ID_E591B3CD,0,0.27874617137283597
ID_AAE6FAD1,1,0.9182542242643492
ID_AA649819,1,0.9235661616366151
ID_9EC112E0,1,0.9381866646622984
ID_F41271B0,1,0.9042013905498314
ID_5091E3FA,1,0.6599308266688402
ID_54B881C5,1,0.9242616780120017
ID_F544D34A,0,0.4150280300494423
ID_42078A4F,1,0.9091119958145295
ID_3206C9FE,1,0.5819783348418877
ID_B3D6AE03,1,0.925470667983205
ID_882B591B,1,0.9290668036134637
ID_AAD80969,0,0.26346203439323657
ID_0E971FAE,0,0.28342873248991995
ID_C6D1DF0F,0,0.3154762834545652
ID_28DBEBF9,0,0.21558840418680125
ID_076A5F43,0,0.4231464529375132
ID_36C8AF99,1,0.9091287692595686
ID_64EF7896,0,0.20713088811538138
ID_2AC9E359,1,0.9118030395249899
ID_F614A63A,0,0.40757757842258413
ID_563DBABA,1,0.9341560463958332
ID_EB1FA3B5,0,0.3298879755820936
ID_9A01F83E,1,0.9237682890708243
ID_A74C59C8,1,0.535469283360144
ID_DD58175D,1,0.5952215993362944
ID_382F9997,1,0.906600559227609
ID_35848939,1,0.6038785126986491
ID_E9B2D588,0,0.39846359638124973
ID_B03843C1,1,0.9355808668692941
ID_303B4B7F,1,0.9259439108317211
ID_099199E9,0,0.3912925001366182
ID_DC87A899,0,0.3175602436193526
ID_79378933,1,0.5833248910076358
ID_41F3F0DB,1,0.9286106954701864
ID_968D52A6,1,0.5187554182738582
ID_CAB0FF2A,0,0.33583575984154634
ID_DCEF8419,0,0.3690629088335511
ID_CE63260A,1,0.5249968387197194
ID_DE436165,1,0.9318104017897006
ID_E608D60B,0,0.21191493754795382
ID_E8E1FBD7,1,0.9064368271178505
ID_1E498B57,0,0.2441069771512965
ID_B451EEA7,1,0.9233017533540967
ID_7377A417,1,0.6201389370794592
ID_EBCDB127,1,0.9299367984503318
ID_B1B6D17D,1,0.5288476708303056
ID_463ACCCC,1,0.5097353436438001
ID_4B6C020F,1,0.9259706847150793
ID_50DE2099,1,0.5344455650522136
ID_BF9E62F4,1,0.9155853624427637
ID_302B988D,1,0.6046749845145137
ID_6D313E5B,1,0.9264164271318143
ID_F6EA2C0C,1,0.9280097935186606
ID_B754479B,1,0.6036765912094024
ID_49D7DA98,0,0.3355496512100051
ID_FA11B039,0,0.3867259774573645
ID_A94E4ABD,1,0.7287064245377343
ID_89069D96,0,0.4822919632295303
ID_3BE6B468,1,0.9210840769389814
ID_F21D2629,1,0.9220524066192697
ID_9DFD825B,0,0.34846251495281355
ID_987CE5E3,1,0.5929856085498042
ID_C21041C9,1,0.928580376319533
ID_F8E7863F,1,0.5918519581617628
ID_3085B625,1,0.9435768085815737
ID_91A23E88,1,0.9196491855293022
ID_3FCC2A69,1,0.875647390326008
ID_A873FF56,1,0.9366449281372793
ID_EEC09DEC,1,0.9346980236175546
ID_09CE5707,1,0.9399065853585915
ID_3CFCFF9A,1,0.9364564914909608
ID_B2346D84,1,0.9376783775313839
ID_09C6FE91,1,0.9290590994351868
ID_94B070D2,0,0.43430366998063574
ID_9FA29A95,0,0.3772491091277691
ID_F1090F03,1,0.9275361684057947
ID_99156C00,1,0.9281373070443405
ID_8BA9045C,1,0.9181560348380292
ID_CDA60986,0,0.2506427559161016
ID_AAB574B6,1,0.936274458292895
ID_7A1B5366,1,0.9245231161750707
ID_8D5815FA,1,0.6538612993833073
ID_8BEFF27C,1,0.9249933749030095
ID_CBD940F9,1,0.9388517239993158
ID_58F1C5F5,1,0.8592900906873782
ID_F8E7705D,1,0.619689319406849
ID_7E02C17F,1,0.9211760002044076
ID_B8346107,0,0.23892407209838434
ID_3BA5F88C,1,0.9176257925432014
ID_46928C1A,1,0.9149293189660448
ID_45094378,1,0.8974835964562656
ID_F3BDB14E,1,0.5696601437041366
ID_8C7E82F8,1,0.8502209634433655
ID_356EBF60,1,0.9313908674936269
ID_DACBBD85,0,0.23832150143177033
ID_BFE0234F,1,0.9253578663826192
ID_EB18A321,0,0.3207858113735122
ID_A6D702B7,1,0.9328216051271162
ID_04DD0D77,1,0.7416435409762154
ID_BB01F488,0,0.39743070527773927
ID_AECECAA4,1,0.8087419882250922
ID_2319E085,1,0.9348241895947429
ID_6DD27B4F,1,0.9307129299922022
ID_77C92125,1,0.9197764060082774
ID_E9985D15,1,0.5726838030798985
ID_229F1917,1,0.9331778707147376
ID_7AE3CAC6,1,0.9349874755489682
ID_25F697A3,1,0.882938929159387
ID_A571168B,1,0.9301918351130394
ID_B2DA3DCC,0,0.39615214821787625
ID_754FBABE,1,0.9309058520520177
ID_5032173B,1,0.8379337647027735
ID_F8CF01E9,1,0.9208650971398818
ID_77AD88EC,1,0.9324795104216699
ID_C59E900F,1,0.5467201324955668
ID_618B9562,1,0.9314965304297076
ID_46524AA7,0,0.3784394587518534
ID_DBED9C34,1,0.91053010718544
ID_E2F592AB,0,0.20680084494119427
ID_13763A0A,1,0.8972811132091791
ID_6584C399,1,0.9278589435867493
ID_027D1FF2,0,0.4454872310687809
ID_7CFBC22D,1,0.8984251437928854
ID_C06834DA,0,0.31122759642931386
ID_FE0FF944,1,0.8427169571418424
ID_7FCD47D2,1,0.9265255164410355
ID_BBF62A0C,1,0.9173390770445173
ID_E906B3CB,1,0.904114996364531
ID_285B477A,1,0.9057714959841395
ID_16485879,1,0.8939948299298586
ID_675FC7FA,1,0.9068222574409954
ID_DE9EE061,1,0.929145166331546
ID_FA196174,1,0.9254095498032511
ID_0BB3B2EB,1,0.8997741055133235
ID_AD37D05E,1,0.9140154322717903
ID_54C88E9E,1,0.539819896374162
ID_3F138D6C,0,0.4439123078594922
ID_88CAE640,0,0.4378387777547977
ID_96774B0A,0,0.44176181701809125
ID_5F993DC3,1,0.926312010498953
ID_2966F18D,1,0.7451216805404342
ID_A77318D0,1,0.8883681986953003
ID_1C8C238A,1,0.9261135255093211
ID_EAF569D4,0,0.39966708386927624
ID_1021C45E,1,0.5796107480592918
ID_CB5F44E3,0,0.37855942552639565
ID_F938B1E1,1,0.6261296493689967
ID_813F55CD,0,0.20761547786271317
ID_3EC7D5AE,1,0.9243121528067075
ID_71064EC1,1,0.9209885415630981
ID_E920C61F,1,0.9409762986277457
ID_1154F4ED,0,0.4235594087515331
ID_6D6AD6DD,1,0.517158531289412
ID_69B133D7,1,0.5083274554849172
ID_226E739C,1,0.5693812850235476
ID_5EB384E7,0,0.2813167058658571
ID_343AF679,0,0.35905438900697684
ID_A66A7B54,1,0.8941998664257838
ID_10686B68,0,0.32529131825709945
ID_51F0EEF9,1,0.9222174193239261
ID_35136830,1,0.9349918294009858
ID_80F99E06,1,0.5269834182657286
ID_F2135D0E,1,0.7865253706237346
ID_86385DE9,0,0.42649928947721233
ID_2C6A24F5,0,0.30837989721813486
ID_01930656,0,0.23123841845249038
ID_2045D210,1,0.8973559161684488
ID_3E3FD267,0,0.2686684208549601
ID_439BAA21,0,0.3235977954332854
ID_81F29313,1,0.5796959024647856
ID_82B23887,1,0.9331097021477122
ID_F248F158,1,0.8949276184004786
ID_7834C270,1,0.9214361432782352
ID_0F39F307,0,0.37220170705200706
ID_4D357587,0,0.36618919315738496
ID_CB8C7FC0,1,0.9057047778685536
ID_9315CAF0,1,0.8680328388215077
ID_12E68B57,0,0.331205827101691
ID_8D8F789D,1,0.9136548004315583
ID_74EADF28,1,0.9353241224924635
ID_536A6DBC,1,0.9262521730692223
ID_3377A8AB,1,0.9312675270198706
ID_498C39A9,1,0.9245559580408753
ID_CA874018,1,0.5578489805238074
ID_E6D9ABB0,1,0.9396425392064256
ID_6A63EA8F,1,0.5306267913134202
ID_996EAA66,1,0.937359872396617
ID_D6C7F336,1,0.9063286879181902
ID_0FCFA51D,0,0.30460008972474545
ID_825BF98C,1,0.9241152660508796
ID_3918F407,1,0.9342326524829422
ID_DBC37E40,1,0.6358173683618272
ID_C854A596,1,0.905157941816902
ID_716754D3,1,0.9309685736015884
ID_E312B5F1,0,0.314121144455212
ID_70C24D73,0,0.3928830241054805
ID_569A1AC9,1,0.9209843503458397
ID_707C2916,1,0.917386995852199
ID_0D93CC80,1,0.9069053382911003
ID_136D179F,1,0.5307169035273722
ID_FD7104D3,0,0.22206548895382477
ID_15396813,0,0.32726145796721795
ID_D89FA3F8,0,0.35485412128071536
ID_E308FE82,0,0.3505628719489386
ID_84CD0003,1,0.9192790632965702
ID_5B04ACA0,1,0.9251524149701753
ID_D46ACFEB,0,0.3311329875290546
ID_22D9DBCB,0,0.4584661309162138
ID_A1A026D9,0,0.3014419284188996
ID_9024FD7B,1,0.923742354117379
ID_B2C93644,1,0.9238502082256477
ID_FB39175E,1,0.6577941764181691
ID_1DB32B9D,1,0.5914585782223809
ID_90C6A3D0,1,0.921630996157583
ID_846D8421,1,0.9258899799239205
ID_941E8BDE,1,0.9031643573735606
ID_CB5439AA,0,0.39042353018430254
ID_9F0A3029,1,0.6210041984751218
ID_6DD0764E,1,0.6129523525093084
ID_BF079D9B,1,0.5220243008378579
ID_B5A62F88,1,0.8278565702458024
ID_51E638D8,1,0.8899816914430771
ID_C27F2A95,0,0.42098888768478704
ID_810F9EF0,0,0.452762498598602
ID_7FBEF275,1,0.9210012238861007
ID_609394D9,0,0.4194306443793626
ID_E2EB39B2,0,0.39362322356771445
ID_5BB483C7,1,0.919973010683881
ID_3ACA4301,1,0.926030103819856
ID_A791B2D6,1,0.6371543034639353
ID_921C784B,1,0.5741976002642097
ID_177D2958,0,0.4101491435816006
ID_D35A3A4F,1,0.9148641297200238
ID_072F6799,1,0.9206067861797396
ID_1D00052B,1,0.9265699811844235
ID_CCA8BDAB,1,0.9100293996363199
ID_D0A99844,1,0.9141586888445788
ID_F8009D80,1,0.8623673359858031
ID_AFB4934C,1,0.6451590610595287
ID_C491377E,0,0.29964176963915434
ID_B4F9E365,1,0.9347205860585207
ID_84A6A866,1,0.6803096391551202
ID_2F1547ED,0,0.2469534734890077
ID_528E3E1F,0,0.34532765966694823
ID_1B2D8DA3,1,0.9256941737020457
ID_4D0BE9CE,1,0.5567926244620608
ID_E9456C2F,0,0.2926603542645453
ID_D46D8868,1,0.7133056380289701
ID_0D076EF3,0,0.41806913066891754
ID_F70D46BF,1,0.7386879649160765
ID_63788172,1,0.6539001361656557
ID_84481A28,1,0.9320574911020889
ID_8B0FD419,0,0.4284524014630364
ID_88FBD9FE,1,0.9167041333308183
ID_AFF92F3B,1,0.5400292255182056
ID_4620C088,0,0.2267335800896156
ID_D416683A,0,0.47569268362442946
ID_951DDB23,1,0.9007640023639205
ID_AF3466F9,1,0.6602899391647639
ID_0256959F,1,0.5562085119587362
ID_27EAF684,1,0.524171550233916
ID_8E1CFC61,1,0.8865167916815191
ID_2F705845,0,0.25161167324749734
ID_0A870699,1,0.9311328490339993
ID_CD27AC3C,1,0.9209914849218435
ID_2C9E9B22,0,0.46985743096330945
ID_ECEF8B2C,1,0.5727214145033537
ID_8987366A,0,0.3363591163444013
ID_D4F9857F,1,0.49730156131329045
ID_761512B5,0,0.25973445123970706
ID_61CC884E,0,0.3459127326167191
ID_BA5A8386,1,0.922466828499017
ID_42AD4C93,0,0.26179625069230517
ID_ECF4B640,1,0.4875309301021066
ID_BBAAC453,1,0.5595509210182998
ID_2A52C626,1,0.623235754236592
ID_2FC523DC,1,0.9277688882782889
ID_86823F0B,0,0.33929429773048075
ID_B8FC1F2F,0,0.47279214084606386
ID_E925B66F,0,0.4241769975969918
ID_EA5BFDFC,0,0.40855460336556126
ID_A8162D4B,1,0.706392373398676
ID_3A26993B,0,0.4407775318570537
ID_4E786A09,0,0.2546681579959101
ID_24772B21,0,0.39213723598829875
ID_A4A2D7C7,1,0.8950741176832813
ID_95F38480,0,0.4198394878654771
ID_B5DAA9EB,0,0.42050065743854453
ID_B12865A6,0,0.4543021950338819
ID_DE54B4C0,0,0.25495475131407885
ID_8947AF2C,1,0.9270347832559447
ID_3F6E9CE1,1,0.5549767054293822
ID_622D8A31,1,0.9148509358651495
ID_D224B5BE,1,0.6730097193855404
ID_134EC5DE,1,0.5988926135999757
ID_1C941F23,1,0.9307609622225717
ID_92050DCB,1,0.5814182898030487
ID_F3C39475,1,0.7175088242661146
ID_95A802BA,0,0.4811418331003354
ID_FB341D39,1,0.9228864215527333
ID_9871A190,0,0.3647678884543435
ID_86247DBC,1,0.6707917618376329
ID_FB3C08D5,1,0.5681828840104891
ID_1877818E,0,0.45755005443298713
ID_91980D61,0,0.35223146164598196
ID_459CFCFF,1,0.5575239899917939
ID_52E765DB,1,0.9273512942835422
ID_88E7F564,1,0.9207356658120578
ID_23875176,1,0.9292095157553241
ID_540A7CD2,1,0.9257398805338293
ID_9F62E63D,0,0.16711101109786303
ID_167CF914,0,0.2897934923286408
ID_985AE903,1,0.509420919513195
ID_40A1C103,0,0.37271170753755845
ID_B5CD7941,1,0.9186243380670107
ID_E2EE0B60,0,0.43637058081309543
ID_5BFDAF55,0,0.3720307340091771
ID_B853DFB5,0,0.2559708794529245
ID_9ACC49DA,1,0.6061237766154403
ID_0E2726F9,0,0.26072385629351746
ID_178E6372,1,0.574232374381953
ID_B774E80B,0,0.2572543262554973
ID_B41C407F,1,0.5979400906042147
ID_1A16618C,0,0.26628659859576415
ID_7A38355E,1,0.9066332113525504
ID_B95E2884,0,0.3231191854112103
ID_486C0198,1,0.49128573903484285
ID_DC8E3C88,1,0.9195392564899781
ID_22D77532,1,0.49753828404051337
ID_C8D6B3EE,0,0.36096758122969463
ID_BFF5DE26,1,0.9210973834725646
ID_A72C1369,0,0.33947503430696424
ID_5062503C,1,0.9088483997440362
ID_A2F2E5E6,0,0.4519380547024926
ID_5BAACDFE,1,0.9216900105798491
ID_F6AFCC99,1,0.928468129648231
ID_F54AA6DE,1,0.9263918473820526
ID_5D247138,1,0.9274508283768563
ID_5F839CA2,1,0.9298519819200873
ID_D04A96CC,1,0.7162757054586303
ID_9A614080,0,0.2519347729636102
ID_1731B0E1,1,0.8721364226754657
ID_E012245E,1,0.919089687663021
ID_4588F2E5,1,0.913561595003787
ID_8454A209,0,0.24955478210407694
ID_9293E58F,1,0.6846436403511058
ID_8D84F4BA,1,0.9018595416893143
ID_7623AA39,0,0.18526052973613205
ID_ED18E367,1,0.5617561135280775
ID_98E829DD,1,0.5508842266423464
ID_22BFF34D,1,0.9138892614564386
ID_0167AD33,1,0.9193154946706188
ID_76A60DA1,0,0.27539932767022485
ID_04F500FF,1,0.644609528674255
ID_46ECC605,1,0.518010170965264
ID_614EEDC9,1,0.9134811740365865
ID_6FECC7E5,1,0.5973814502991721
ID_2C9C0305,1,0.9131038977135402
ID_F7B32980,1,0.9054265535374126
ID_BBD58F09,1,0.912463252997003
ID_302E21FD,1,0.9049090909432018
ID_2A383365,1,0.907538339357641
ID_52FBB47E,1,0.49642637155675273
ID_31CAA276,1,0.8491575402272675
ID_37081CA2,1,0.8689640793337468
ID_CB8E4CF3,1,0.8802755801356772
ID_F47B39FB,1,0.6406647220776407
ID_FCC643CF,1,0.7322606346230817
ID_27D6A018,0,0.31935566628283174
ID_4FD92E7F,1,0.88910006667927
ID_5EA52FD4,1,0.9225987438430567
ID_B617A0B2,1,0.9266446350976945
ID_782478AF,1,0.8489961369259967
ID_38EC8944,1,0.7516324141440842
ID_1ACDD97F,1,0.9260795660744157
ID_9EDB4157,0,0.44618559691359805
ID_05CC5051,1,0.9092276489977928
ID_A8D54989,0,0.39303240695675556
ID_FE510473,1,0.895506830928168
ID_04B8CE61,1,0.501431797481159
ID_3B5B271A,1,0.8948632328267925
ID_1DEE523A,0,0.23390774221797944
ID_1E95D879,1,0.9010165817751112
ID_71B160EE,1,0.8125932525816448
ID_2A596B35,0,0.2932733019661421
ID_15486BB9,1,0.87456939732158
ID_C0ABA923,0,0.21219354749923763
ID_B3BE1FE9,1,0.5720311577805346
ID_F50E013F,1,0.8984916898334889
ID_3F61C60B,0,0.30476619888244505
ID_3F1E2CD8,1,0.906692039812034
ID_0A971289,1,0.908953975757146
ID_03E2D383,1,0.9172085870146129
ID_5D204076,1,0.8632057430308461
ID_0686654B,1,0.6343914823462382
ID_D0B4DE66,1,0.5978799494356529
ID_7126CFA9,1,0.9107715090264592
ID_A2486114,1,0.9084836624939131
ID_5E476866,1,0.9024143645542103
ID_D7E29E78,1,0.8917780550452924
ID_A401EE14,1,0.9133422460912956
ID_4FC64B34,1,0.929867390769114
ID_D4F633DD,1,0.5566149922933867
ID_A0C3071F,1,0.8991630033551246
ID_BBCAFC5F,1,0.9100158847180173
ID_9ADBC631,0,0.22198832601770963
ID_7F302EC2,1,0.9066462081659523
ID_6B5C208F,0,0.3226954507730404
ID_83892D2F,0,0.3085160881156057
ID_EFE92331,1,0.9047241994565653
ID_CB26602E,0,0.36421173465147494
ID_9A43B5BC,1,0.9111411596148203
ID_5A135691,0,0.3756818386045214
ID_EE841349,1,0.8748647171610633
ID_75CD9AED,1,0.5980020600269029
ID_5388DDBA,1,0.9021228611239851
ID_E429B966,1,0.8899860595169344
ID_35E9CE90,0,0.27348808598950675
ID_72B016C7,0,0.2673107897661947
ID_CC5072C7,0,0.19564170381369675
ID_9D858406,0,0.4491201213034801
ID_FA606576,1,0.8864989516952462
ID_99410CC9,1,0.885972269445414
ID_22C205EB,1,0.8861841954252418
ID_006DCA07,1,0.6005714022894391
ID_D3540D0E,1,0.7900271425845413
ID_B181CD3F,0,0.20765527400106135
ID_8F219D52,1,0.7821352901371281
ID_5ED91935,1,0.8776601853311438
ID_771470D7,1,0.8107408102219501
ID_73CAE2AE,1,0.8818114422396744
ID_49EE564D,0,0.33776481968377803
ID_C65FCF01,0,0.2951242275995084
ID_4A540B83,1,0.8795062391186621
ID_D03EB2D5,1,0.7765658246850404
ID_1525DC3E,1,0.878708304285091
ID_E6A88E0D,1,0.8914945045855743
ID_5D3867EB,1,0.8870794809439977
ID_EA33EC25,1,0.792683588565148
ID_1D677930,1,0.8143037382174132
ID_B53D5B90,1,0.8953044680135829
ID_50FFD280,1,0.9087866542337741
ID_2BDC8AA4,1,0.7807757278264371
ID_B3605B4D,0,0.360641175078718
ID_AE47F0F7,1,0.8655190533306045
ID_16A018CB,1,0.8088264286684579
ID_720785CB,1,0.8680822082088377
ID_B799239D,1,0.8192876023714017
ID_437ED2F1,1,0.5185214900384402
ID_7D5813AC,1,0.8766705517994904
ID_D3CAE29D,1,0.7024222768040157
ID_144620C3,0,0.3705904160955627
ID_52C8952F,1,0.6906427917764846
ID_884EA7F1,1,0.8116057065287074
ID_E6A9BFC0,0,0.3808431407154054
ID_DBC768CB,1,0.6798271264200764
ID_7784F392,1,0.6495615583039418
ID_7B9B4263,1,0.8404774902566993
ID_B1CF77F8,0,0.43609273360439493
ID_A1A94174,1,0.8346638301713716
ID_CF2E8085,0,0.40469129597096937
ID_DB02126F,1,0.653083160025534
ID_49882C60,1,0.5512563562002298
ID_C63D56D5,1,0.8800673709281577
ID_02D51717,1,0.7330942532594917
ID_954CBC81,1,0.5773980672039921
ID_C055BEFC,1,0.8642949333017406
ID_AC683379,1,0.8602056501155584
ID_9E7DBF53,1,0.5749629502682563
ID_5EB875B2,1,0.8466964144653644
ID_5E77E448,1,0.6159543645795581
ID_CC3F86C7,1,0.5610398784867578
ID_2F4A5A96,1,0.6793906405875821
ID_8287C57C,1,0.8124529348791882
ID_A6AD2CBC,1,0.7446493412851393
ID_A82A687F,0,0.26295738820972614
ID_701AC83D,1,0.6176249611316286
ID_57727844,1,0.5324962303230776
ID_94CEB354,1,0.7416950333623403
ID_50E3E2AE,1,0.7283679852787333
ID_646D617F,1,0.5323122092928503
ID_2E1B02E1,1,0.7014370160244667
ID_200A3BC5,1,0.6027043781420849
ID_4AF83B98,0,0.3465277617010314
ID_A325DAA1,1,0.7252817403391888
ID_297F9520,1,0.5085804482126114
ID_50B18C66,0,0.4353415102661774
ID_B888E881,1,0.6707436832404023
ID_6A693FA9,0,0.3025381969746195
ID_F570FEDB,1,0.6650670849093154
ID_13B39D72,0,0.29425731037556113
ID_D992BD42,0,0.21987972428604174
ID_814BFE2A,1,0.7274467889981803
ID_D411550E,1,0.771408502543689
ID_2892CFC2,1,0.8370500401802466
ID_585EE8A5,1,0.7244265499562386
ID_47F36258,1,0.8167521610396433
ID_086BF3D6,1,0.7369744226223731
ID_8CA9541B,1,0.7091480689289502
ID_8002205A,1,0.8213619551681401
ID_85B6A3C2,1,0.550354146484904
ID_5AD2BD30,1,0.8428537113872736
ID_1963EFB3,1,0.5112741457809746
ID_7395017A,1,0.7575664430230195
ID_E61EC312,1,0.6702499937806775
ID_AB569713,1,0.5768692083285827
ID_E94C9321,1,0.562675336479084
ID_945A8A14,1,0.4886515359873207
ID_D9505F8B,1,0.7974805360737518
ID_07D37772,1,0.5761908484350919
ID_C9BE095C,1,0.5336943390270169
ID_F95A30AB,0,0.25240223229671255
ID_F5CCC3CE,1,0.4913971936579352
ID_C371D420,0,0.4085129017320669
ID_3DEE48F8,0,0.47888940008291314
ID_BA75D1F6,0,0.46892527275647694
ID_B41984EB,1,0.7378253967514956
ID_131B2628,1,0.8196341983425471
ID_0580C84E,1,0.6855543192776659
ID_C575D4C2,1,0.6553694320553657
ID_D17A03A7,0,0.4385806436591059
ID_7B345817,1,0.7079268097797914
ID_005ED879,1,0.7667096435688346
ID_1690A21F,0,0.28508435827813794
ID_2FD873B7,0,0.4597010406181674
ID_3FA81345,1,0.7049125537678032
ID_88FA7808,1,0.6598679782820102
ID_1F0D149C,0,0.25609479833644155
ID_3376BE57,1,0.7841677723667578
ID_131E28BE,1,0.7228417140626644
ID_F2090260,0,0.45530301526762357
ID_08DABC1A,1,0.7813622346976837
ID_52B36550,1,0.8324153062769635
ID_2EDED264,1,0.6663494575536716
ID_8E75754A,1,0.7596169315605079
ID_7287BC35,1,0.7095846394483085
ID_866D32E0,0,0.19781149931812292
ID_578F79E1,0,0.44271768088996455
ID_AAB742CE,0,0.38231491203631435
ID_15DCC4A1,1,0.8188812253794724
ID_79856E17,1,0.7190141189410248
ID_48EDA830,1,0.8208793928647586
ID_13E3897A,1,0.8067837941144214
ID_339328A8,1,0.863478986970855
ID_A5B08786,1,0.8747412622870919
ID_76479068,1,0.8110647258979995
ID_213771F2,0,0.4461033451480926
ID_CFE5920E,1,0.5912986571091629
ID_044494D0,1,0.6917191976537976
ID_38964A48,1,0.6482581394999094
ID_AF48463A,1,0.6670584376885806
ID_A47C81B0,1,0.7221819274670971
ID_363BF066,1,0.8422852409021728
ID_319F9F11,1,0.707950818038831
ID_FA327E0E,1,0.6638994597181909
ID_8B47DDFF,1,0.7797399630893462
ID_7C2091B9,0,0.23157226001318415
ID_6EE69B0D,1,0.7007820154335859
ID_3EC4D865,1,0.7199300597134167
ID_6EF127B9,1,0.7454980777475044
ID_6212C6A0,1,0.551569513229261
ID_73BD9B55,1,0.5091991676055482
ID_48710A33,1,0.5499324617699572
ID_9F378BBA,1,0.5381638766967567
ID_F1F95B68,1,0.7307942381589362
ID_36C7DD36,1,0.8469197847668296
ID_D2049886,1,0.534359201921236
ID_C587EF64,1,0.7313762071986922
ID_42F42752,1,0.5622601187762823
ID_5079E721,1,0.7840066337653028
ID_BEDC9979,0,0.2922935001489369
ID_EFCB896F,1,0.6714729328395432
ID_193B5730,1,0.6125206961023199
ID_B00D5BE9,1,0.715263484538815
ID_09CC6075,0,0.3704343490507083
ID_ACB0BFAA,0,0.3580670632031395
ID_919A1A44,1,0.6898086932568774
ID_2553FC19,1,0.8591435648793151
ID_89282CE8,1,0.678529071743976
ID_A4A83A70,1,0.7634442091141447
ID_9D58A389,0,0.37971038241864086
ID_39FEA5BE,1,0.7847331945139113
ID_4DF5742A,1,0.8846866491162877
ID_D89E7EB1,1,0.7181904222030067
ID_378362AC,1,0.7758657130242717
ID_E005FD7B,1,0.6716241573981738
ID_6D221F3F,0,0.3360375000201821
ID_1CCA366E,1,0.7359799788655454
ID_3E15F61C,1,0.6649272221216763
ID_B3062E82,0,0.1762547244090506
ID_E7C58C9F,1,0.8037957005854204
ID_9A30F0A1,1,0.7917676229687929
ID_A9E32FDF,1,0.6164464708132974
ID_D1C04988,1,0.8149395903148006
ID_86FD2E5E,1,0.7489146953253213
ID_F85084F1,1,0.6510080414546469
ID_6C79B80E,0,0.4382350479943016
ID_641E6DFE,1,0.7711050013101268
ID_7441A196,0,0.3042403738345145
ID_1564B9F5,1,0.6745583880252735
ID_931B5FE1,1,0.5737545106277174
ID_637D9E73,1,0.6672805904061764
ID_2C3E9488,0,0.27233583361729047
ID_F54DC975,0,0.448482617931828
ID_F7FCC396,1,0.7709025384904623
ID_8F61D00C,1,0.5270781589361625
ID_890F1B88,1,0.7351919061298999
ID_8FA74192,1,0.6815824038149214
ID_69E42528,1,0.6767432361555843
ID_44325939,1,0.7941498450161872
ID_CF88F53D,1,0.8871687358893267
ID_25AE799B,0,0.1983912862084029
ID_D1479C87,1,0.750886103713527
ID_010986EF,1,0.8682574231711528
ID_7F3812BB,1,0.8534448662154365
ID_9C186D11,1,0.6552260495972179
ID_AE1D5DDC,1,0.7291717478095886
ID_F637D491,1,0.7365809691118153
ID_D851C917,1,0.6059234339361851
ID_E52AD25B,1,0.5365288386475122
ID_C6F9F1B4,1,0.7630740840652
ID_DB23A499,0,0.4753012514358286
ID_57C6B9E3,1,0.7614711895081445
ID_FBEAD3BE,0,0.331542835542841
ID_D51839F8,1,0.7104673474331737
ID_C222079F,1,0.6831020464203472
ID_E52BA1F9,0,0.35291600826494
ID_8F82CE3F,1,0.600829647882184
ID_465E85C8,1,0.6803074613894035
ID_73252921,1,0.6768451918372818
ID_88085FD6,1,0.7425494006048676
ID_1880C4DA,1,0.5305037855078083
ID_83DE95DB,0,0.34449365673700705
ID_C42E904C,1,0.749394738741244
ID_1505E510,1,0.791827440115046
ID_ABCD6735,1,0.5346835950827072
ID_7F075023,1,0.8453036660606813
ID_A10C2622,1,0.7788418186044008
ID_349450A8,0,0.45866633975635485
ID_56BD98C0,0,0.16321165313968342
ID_79652E47,0,0.2653821978573949
ID_153F5F06,1,0.6048481232910635
ID_F066081E,1,0.7235584130434874
ID_8BCEDF1C,1,0.715650570213406
ID_97657485,1,0.6919232161211365
ID_D586D676,1,0.788504811397475
ID_F5C6DBD2,1,0.7757762716366575
ID_9A09C017,1,0.5122400719683392
ID_17D6C3FF,1,0.5375243305803094
ID_DFBD516A,1,0.8000561819083495
ID_9EF6CCE1,1,0.5094937656517389
ID_7F734618,0,0.3525072166737532
ID_DE3B27E2,1,0.7474956367526515
ID_C88525D4,0,0.31823787618137284
ID_7B1F877F,1,0.7411951632266767
ID_74EC6B97,1,0.7665927399057566
ID_B51D88FA,1,0.7669464691031751
ID_4E93276E,1,0.7451597198692648
ID_89E21611,1,0.7833495763411746
ID_DA038928,1,0.5914064382971057
ID_41919990,1,0.6354989487579339
ID_C7CF54E8,1,0.8132881115198798
ID_013744F3,1,0.7906131858859753
ID_5C7FBC6B,1,0.8500707829958458
ID_BDADE0D7,1,0.8169984769209032
ID_8DF883D2,0,0.41756063829165124
ID_0676190A,1,0.8547368259353081
ID_56E935BA,1,0.8489608295322313
ID_4DF41587,1,0.8509495893118402
ID_3F2C77EB,0,0.2621548127601024
ID_8BDC07EF,1,0.7530643872104628
ID_BF8D1B66,1,0.4958860410691289
ID_451155EB,1,0.7524575851312715
ID_C9349F29,1,0.7405349268797842
ID_36BA6093,1,0.6866160989788561
ID_35CECC9A,1,0.7566469197237797
ID_BBF46F32,1,0.8351569553446354
ID_217B5C98,1,0.7669461530889131
ID_3DBE7E47,0,0.3064364590052726
ID_FA776E81,1,0.8612613666604318
ID_E29DADEA,1,0.701515089513665
ID_911AD860,1,0.5446172080288737
ID_CAC43CF7,1,0.7930690301909059
ID_A3FBDDCC,1,0.7639537272715724
ID_A6652C52,1,0.7124299434936514
ID_82DEF492,1,0.6607823464711831
